1539097287.951037,0.000000,136.542969,2602.578125
1539097287.966680,100.800000,136.566406,2607.589844
1539097296.852846,94.500000,4316.546875,10662.468750
1539097299.922208,99.700000,106.660156,2607.078125
1539097299.942858,99.700000,106.769531,2607.078125
1539097299.957323,99.600000,106.785156,2607.078125
1539097299.977178,92.800000,106.785156,2607.078125
1539097299.998055,99.700000,106.789062,2607.078125
1539097300.020350,100.000000,106.804688,2607.078125
1539097300.041675,99.800000,106.804688,2607.078125
1539097300.063280,100.100000,106.804688,2607.078125
1539097300.084509,99.900000,106.804688,2607.078125
1539097300.105870,100.100000,106.804688,2607.078125
1539097300.128111,100.400000,106.828125,2607.078125
1539097301.597754,3.300000,126.812500,13048.226562
